nazion <- c(rep("B",1000),rep("V",1000))
reddito <- c(70,0,0,0,0,0,0,0,26,0,0,0,0,33,189,40,0,2,0,0,0,23,0,144,96,0,30,103,0,0,0,0,0,0,0,0,39,0,0,
0,0,0,0,0,0,0,0,0,0,0,0,2,12,0,0,0,0,0,0,49,0,0,0,0,116,160,0,0,0,0,0,0,82,0,0,0,102,0,0,0,0,0,0,0,0,
0,133,0,0,0,0,77,119,0,30,160,0,0,0,0,0,0,34,0,90,120,20,10,0,224,0,22,0,69,173,0,35,0,0,51,0,0,0,0,0,
0,39,122,0,0,0,43,0,0,0,0,115,0,0,0,0,0,0,0,73,0,0,0,0,0,44,0,24,95,0,0,0,0,0,0,0,0,0,50,8,0,74,22,20,
0,77,87,0,0,0,0,246,8,0,0,0,0,29,59,0,0,0,91,0,0,104,90,0,71,0,0,82,61,0,0,0,0,0,69,18,0,0,66,77,0,38,
0,0,0,0,0,0,0,0,0,0,17,0,0,0,0,0,0,56,0,0,32,0,0,0,0,0,70,0,31,0,0,0,0,0,0,0,0,179,0,118,0,248,0,0,0,
0,0,0,98,0,71,0,0,0,0,0,0,0,86,0,0,0,0,157,40,61,0,311,0,0,0,0,0,0,0,0,0,0,0,0,0,0,0,2,0,248,0,0,0,0,
33,0,252,0,0,0,32,0,0,51,0,0,52,0,0,0,0,0,56,0,0,57,0,0,0,0,32,0,72,0,0,287,0,0,0,0,0,0,0,0,50,0,0,0,
0,8,0,0,31,0,0,0,0,0,0,0,0,183,0,0,0,83,275,153,0,0,0,0,0,0,82,0,0,0,0,57,0,0,0,0,0,45,0,0,0,60,0,0,0,
0,0,0,0,57,0,0,112,0,0,0,0,0,0,270,0,0,0,79,0,0,77,0,0,0,0,0,0,18,0,15,0,45,112,0,0,0,0,12,0,0,13,11,0,
0,0,0,0,80,0,175,184,0,0,0,0,0,0,0,0,33,53,0,59,0,0,0,28,0,0,0,112,0,0,0,3,0,0,81,0,0,0,0,0,177,0,0,0,
0,0,0,0,0,0,0,0,0,0,0,0,0,0,105,198,0,0,0,0,0,0,0,21,36,0,0,0,0,0,0,0,0,0,0,0,0,0,0,0,65,23,0,0,0,66,
0,0,0,0,0,0,95,0,0,126,0,135,6,13,0,0,0,172,0,0,0,64,0,0,0,0,56,0,0,0,0,0,54,0,44,34,187,0,0,0,29,0,0,
0,0,94,0,0,36,0,0,0,93,13,24,0,0,0,91,0,0,0,0,94,0,133,0,0,0,0,0,0,0,0,0,0,0,15,59,0,72,0,0,0,0,0,0,0,
218,15,0,0,0,0,0,0,0,0,0,0,76,0,0,0,0,70,0,0,123,0,34,0,0,153,0,0,0,0,0,0,0,0,0,0,0,164,0,0,0,0,21,0,
0,15,0,0,0,0,0,0,0,0,0,0,0,0,65,0,35,0,0,26,51,16,0,0,177,0,0,0,0,0,0,0,0,251,0,139,0,0,22,0,0,0,0,0,
107,0,0,0,0,0,0,0,0,0,22,0,0,0,0,153,0,0,0,0,120,0,0,42,0,0,52,0,0,103,0,0,64,0,0,0,0,0,0,55,0,0,0,327,
0,0,31,0,0,0,51,0,0,65,0,0,0,0,28,0,17,0,0,0,0,5,0,0,0,0,0,0,0,0,0,56,0,0,89,0,0,0,0,155,62,71,47,29,
0,0,0,81,11,0,0,131,0,0,0,14,0,0,0,0,0,0,0,0,0,0,60,0,65,84,143,0,0,0,0,0,0,0,0,0,0,0,0,0,0,0,0,0,0,196,
0,0,0,0,0,0,0,0,0,109,0,184,0,0,0,0,15,0,0,0,0,0,0,98,0,0,0,0,0,0,23,0,0,49,0,0,43,0,0,13,0,138,118,55,
0,0,33,0,0,226,231,0,0,235,0,0,0,0,0,0,0,0,0,0,0,0,0,0,0,0,66,159,0,272,0,0,0,0,0,0,0,0,0,0,0,0,0,0,0,
0,0,0,0,0,168,0,0,0,0,0,0,0,0,25,88,0,161,0,0,0,5,0,0,65,0,0,0,0,0,24,94,0,0,0,0,0,119,0,0,0,0,0,0,59,
0,1,0,147,0,0,0,0,0,0,0,0,24,0,0,60,0,15,0,0,80,0,136,0,0,0,0,67,0,0,0,42,0,0,0,0,0,0,0,0,0,0,0,0,0,0,
0,0,0,0,0,0,0,0,0,0,0,0,0,0,0,0,0,0,0,0,0,0,0,0,0,0,0,0,0,0,0,0,0,0,0,0,0,0,0,0,0,0,0,0,0,0,0,0,0,0,0,
0,0,0,0,0,0,0,0,0,0,0,0,0,0,0,0,0,0,0,0,0,0,0,0,0,0,0,0,0,0,0,0,0,0,0,0,0,0,0,0,0,0,0,0,0,0,0,0,0,0,0,
0,0,0,0,0,0,0,0,0,0,0,0,0,0,0,0,0,0,0,0,0,0,0,0,0,0,0,0,0,0,0,0,0,0,0,0,0,0,0,0,0,0,0,0,0,0,0,0,0,0,0,
0,0,0,0,0,0,0,0,0,0,0,0,0,0,0,0,0,0,0,0,0,0,0,0,0,0,0,0,0,0,0,0,0,0,0,0,0,0,0,0,0,0,0,0,0,0,0,0,0,0,0,
0,0,0,0,0,0,0,0,0,0,0,0,0,0,0,0,0,0,0,0,0,0,0,0,0,0,0,0,0,0,0,0,0,0,0,0,0,0,0,0,0,0,0,0,0,0,0,0,0,0,0,
0,0,0,0,0,0,0,0,0,0,0,0,0,0,0,0,0,0,0,0,0,0,0,0,0,0,0,0,0,0,0,0,0,0,0,0,0,0,0,0,0,0,0,0,0,0,0,0,0,0,0,
3,3,3,3,3,3,3,3,3,3,3,3,3,3,3,3,3,3,3,3,3,3,3,3,3,3,3,3,3,3,3,3,3,3,3,3,3,3,3,3,3,3,3,3,3,3,3,3,3,3,3,
3,3,3,3,3,3,3,3,3,3,3,3,3,3,3,3,3,3,3,4,4,4,4,4,4,4,4,4,4,4,4,5,5,5,5,5,5,5,5,5,5,3,3,3,3,3,3,3,3,3,3,
3,3,3,3,3,3,4,4,4,4,4,4,4,4,4,4,4,4,4,4,4,5,5,5,5,5,5,5,5,5,5,5,5,5,5,5,5,5,6,6,6,6,6,6,6,6,6,6,6,6,6,
6,6,6,6,6,6,6,6,6,7,7,7,7,7,7,7,7,7,7,7,7,7,8,8,8,8,8,8,8,8,8,8,8,8,8,9,9,9,9,9,9,9,9,9,9,9,9,9,9,9,9,
9,10,10,10,10,10,10,10,10,10,10,10,10,10,10,11,11,11,11,11,11,11,11,11,11,11,11,11,11,11,11,11,11,11,
11,11,12,12,12,12,12,12,12,12,12,12,12,12,12,12,13,13,13,13,13,13,13,13,13,14,14,14,14,14,14,14,14,14,
15,15,15,15,15,15,15,15,12,12,12,12,13,13,13,13,13,13,13,13,13,13,13,13,13,13,14,14,14,14,14,14,14,14,
14,14,14,14,14,14,14,14,14,14,14,15,15,15,15,15,15,15,15,15,15,15,15,15,15,15,15,16,16,16,16,16,16,16,
16,16,16,16,16,16,16,16,16,16,16,17,17,17,17,17,17,17,17,18,18,18,18,18,18,18,18,18,18,18,19,19,19,19,
19,19,19,19,19,20,22,22,22,22,22,22,22,22,22,22,22,23,23,23,23,23,23,23,23,23,23,23,24,24,24,25,25,25,
25,25,26,26,26,26,26,26,26,26,26,26,26,26,26,26,26,26,26,27,27,27,27,27,27,27,27,27,27,27,27,27,28,28,
28,28,28,28,28,28,28,28,28,29,29,29,29,29,29,29,29,29,30,30,30,30,31,31,31,31,31,31,31,31,31,31,31,31,
31,31,31,31,32,32,32,32,32,32,32,32,32,32,33,33,33,33,33,33,33,33,33,34,34,34,34,34,34,34,34,34,35,35,
35,35,35,36,36,36,36,36,36,36,36,36,37,37,37,37,37,38,38,38,38,38,38,38,38,38,39,39,39,39,39,39,39,39,
39,39,40,40,40,40,40,40,40,40,40,40,41,41,41,41,41,41,41,42,42,42,42,42,42,42,42,42,43,43,43,43,44,44,
44,44,44,44,44,44,44,45,45,45,45,45,45,45,46,46,46,46,46,47,47,47,48,48,48,48,48,48,49,49,49,49,49,49,
49,49,50,50,50,50,51,51,51,51,51,51,51,52,52,52,53,53,53,53,53,54,54,54,55,55,56,56,56,56,56,57,57,58,
58,58,58,59,60,60,61,61,64,65,65,66,66,66,67,68,69,69,69,70,70,71,71,71,74,74,74,75,76,80,81,91,96,105)
redditi <- data.frame(nazion=nazion,reddito=reddito)
rm(nazion,reddito)
